1 605
2 648
3 693
4 635
5 628
6 615
7 630
8 634
9 626
10 626
11 638
12 638
13 676
14 646
15 638
16 658
17 741
18 712
19 659
20 648
21 653
22 669
23 666
24 673
25 682
26 692
27 687
28 693
29 699
30 702
31 689
32 712
33 714
34 714
35 716
36 715
37 733
38 725
39 712
40 722
41 736
42 731
43 734
44 737
45 738
46 730
47 750
48 745
49 753
50 754
51 759
52 759
53 761
54 767
55 804
56 770
57 766
58 768
59 776
60 775
61 845
62 821
63 779
64 781
65 876
66 797
67 800
68 812
69 800
70 808
71 794
72 820
73 809
74 821
75 815
76 835
77 829
78 851
79 840
80 836
81 839
82 880
83 838
84 890
85 836
86 852
87 857
88 875
89 892
90 850
91 869
92 853
93 872
94 870
95 895
96 884
97 886
98 887
99 923
100 891
101 903
102 894
103 907
104 896
105 912
106 905
107 920
108 923
109 1029
110 917
111 924
112 994
113 934
114 939
115 943
116 944
117 949
118 950
119 946
120 952
121 951
122 957
123 951
124 963
125 966
126 967
127 971
128 975
129 989
130 986
131 980
132 989
133 987
134 995
135 993
136 993
137 1013
138 998
139 1006
140 1009
141 1013
142 1013
143 1014
144 1017
145 1020
146 1029
147 1019
148 1037
149 1031
150 1035
151 1037
152 1042
153 1048
154 1042
155 1167
156 1064
157 1046
158 1138
159 1118
160 1062
161 1078
162 1074
163 1116
164 1092
165 1082
166 1213
167 1075
168 1159
169 1081
170 1098
171 1115
172 1102
173 1114
174 1088
175 1096
176 1112
177 1110
178 1105
179 1113
180 1110
181 1109
182 1133
183 1139
184 1136
185 1135
186 1133
187 1130
188 1153
189 1145
190 1144
191 1156
192 1150
193 1163
194 1170
195 1157
196 1168
197 1194
198 1168
199 1179
200 1177
201 1190
202 1300
203 1186
204 1186
205 1275
206 1200
207 1196
208 1209
209 1197
210 1205
211 1196
212 1204
213 1200
214 1226
215 1211
216 1210
217 1223
218 1228
219 1247
220 1235
221 1231
222 1237
223 1230
224 1255
225 1295
226 1252
227 1237
228 1265
229 1261
230 1284
231 1262
232 1256
233 1275
234 1271
235 1251
236 1288
237 1278
238 1292
239 1311
240 1276
241 1298
242 1306
243 1310
244 1279
245 1293
246 1320
247 1412
248 1336
249 1323
250 1363
251 1363
252 1338
253 1370
254 1384
255 1309
256 1362
257 1461
258 1299
259 1353
260 1298
261 1401
262 1329
263 1342
264 1315
265 1386
266 1381
267 1331
268 1367
269 1348
270 1374
271 1389
272 1408
273 1354
274 1361
275 1416
276 1401
277 1420
278 1422
279 1398
280 1405
281 1402
282 1401
283 1407
284 1429
285 1423
286 1404
287 1426
288 1420
289 1415
290 1424
291 1440
292 1436
293 1425
294 1531
295 1461
296 1452
297 1505
298 1442
299 1458
300 1456
301 1483
302 1457
303 1486
304 1448
305 1476
306 1473
307 1471
308 1489
309 1479
310 1489
311 1500
312 1489
313 1509
314 1512
315 1527
316 1513
317 1518
318 1507
319 1517
320 1520
321 1522
322 1528
323 1519
324 1525
325 1530
326 1529
327 1537
328 1544
329 1550
330 1558
331 1543
332 1549
333 1556
334 1569
335 1623
336 1560
337 1560
338 1561
339 1588
340 1682
341 1593
342 1657
343 1574
344 1610
345 1584
346 1596
347 1618
348 1607
349 1603
350 1598
351 1606
352 1620
353 1779
354 1627
355 1617
356 1614
357 1637
358 1635
359 1628
360 1638
361 1647
362 1787
363 1650
364 1659
365 1726
366 1662
367 1664
368 1688
369 1672
370 1671
371 1675
372 1667
373 1671
374 1679
375 1682
376 1686
377 1692
378 1685
379 1700
380 1695
381 1719
382 1765
383 1760
384 1706
385 1728
386 1811
387 1770
388 1712
389 1820
390 1726
391 1752
392 1731
393 1737
394 1736
395 1746
396 1742
397 1740
398 1742
399 1760
400 1750
401 1759
402 1758
403 1768
404 1759
405 1772
406 1761
407 1782
408 1760
409 1789
410 1786
411 1779
412 1783
413 1798
414 1788
415 1811
416 1864
417 1787
418 1808
419 1833
420 1781
421 1854
422 1822
423 1827
424 1820
425 1833
426 1826
427 1906
428 1830
429 1839
430 1847
431 1836
432 2018
433 1842
434 1891
435 1869
436 1860
437 1852
438 1862
439 1871
440 1877
441 1864
442 1880
443 1872
444 1882
445 1885
446 1896
447 1898
448 1888
449 1901
450 1889
451 1904
452 1901
453 1907
454 1909
455 1915
456 1918
457 1915
458 1908
459 1926
460 1922
461 1929
462 1937
463 1930
464 1935
465 1941
466 1937
467 1942
468 1948
469 1941
470 1958
471 1963
472 1965
473 1960
474 2046
475 1964
476 1968
477 1967
478 2006
479 2138
480 1983
481 2028
482 1984
483 1991
484 2030
485 2000
486 2002
487 2001
488 2004
489 2004
490 2037
491 2012
492 2010
493 2051
494 2022
495 2021
496 2025
497 2032
498 2042
499 2040
500 2033
501 2038
502 2042
503 2056
504 2045
505 2055
506 2064
507 2056
508 2063
509 2066
510 2060
511 2062
512 2079
