1 573
2 579
3 579
4 595
5 593
6 619
7 638
8 648
9 661
10 674
11 687
12 724
13 705
14 759
15 747
16 770
17 788
18 802
19 812
20 825
21 825
22 862
23 850
24 1031
25 951
26 895
27 906
28 926
29 1000
30 978
31 947
32 1010
33 989
34 1032
35 1049
36 1056
37 1063
38 1099
39 1099
40 1112
41 1126
42 1128
43 1141
44 1155
45 1175
46 1196
47 1179
48 1209
49 1228
50 1232
51 1276
52 1259
53 1277
54 1333
55 1305
56 1324
57 1337
58 1359
59 1397
60 1375
61 1406
62 1422
63 1411
64 1428
65 1665
66 1493
67 1487
68 1625
69 1513
70 1595
71 1591
72 1583
73 1550
74 1601
75 1666
76 1636
77 1659
78 1654
79 1648
80 1708
81 1819
82 1804
83 1818
84 1779
85 1813
86 1851
87 1775
88 1883
89 1876
90 1875
91 1848
92 1856
93 1940
94 1947
95 1938
96 1966
97 1985
98 1994
99 1952
100 2002
101 2034
102 2064
103 2046
104 2167
105 2096
106 2141
107 2115
108 2105
109 2083
110 2360
111 2220
112 2266
113 2208
114 2218
115 2222
116 2236
117 2249
118 2256
119 2283
120 2316
121 2313
122 2341
123 2302
124 2342
125 2365
126 2382
127 2377
128 2418
129 2435
130 2447
131 2455
132 2464
133 2481
134 2517
135 2551
136 2539
137 2527
138 2551
139 2559
140 2575
141 2592
142 2606
143 2605
144 2633
145 2650
146 2677
147 2672
148 2697
149 2703
150 2717
151 2714
152 2737
153 2767
154 2775
155 2924
156 2872
157 2980
158 2830
159 2845
160 2882
161 2877
162 2896
163 2909
164 2926
165 2928
166 2952
167 2942
168 2977
169 2997
170 3012
171 3021
172 3024
173 3039
174 3061
175 3050
176 3082
177 3105
178 3118
179 3130
180 3136
181 3149
182 3161
183 3178
184 3245
185 3229
186 3273
187 3255
188 4223
189 3823
190 4249
191 5008
192 8330
193 5106
194 3397
195 3427
196 3432
197 3445
198 3444
199 3541
200 3461
201 3623
202 3553
203 3584
204 3619
205 3499
206 3576
207 3574
208 3564
209 3595
210 3529
211 3637
212 3678
213 3651
214 3739
215 3610
216 3854
217 3676
218 3772
219 3662
220 3712
221 3768
222 3738
223 3739
224 3829
225 3823
226 3786
227 3835
228 3884
229 3899
230 3896
231 3838
232 3918
233 4032
234 4021
235 3915
236 3927
237 3929
238 4051
239 3941
240 3997
241 4106
242 4013
243 4108
244 4084
245 4094
246 4086
247 4340
248 4254
249 4220
250 4228
251 4251
252 4218
253 4227
254 4201
255 4241
256 4215
257 4251
258 4297
259 4239
260 4305
261 4342
262 4390
263 4336
264 4399
265 4377
266 4409
267 4366
268 4413
269 4445
270 4464
271 4443
272 4443
273 4514
274 4466
275 4554
276 4569
277 4552
278 4588
279 4504
280 4629
281 4581
282 4605
283 4760
284 4595
285 4627
286 4761
287 4638
288 4745
289 4701
290 4701
291 4821
292 4743
293 5008
294 4812
295 4859
296 4821
297 4799
298 4822
299 4855
300 4931
301 4929
302 4860
303 5002
304 4927
305 4981
306 5079
307 5050
308 4984
309 4987
310 5060
311 5008
312 5037
313 5068
314 5127
315 5110
316 5145
317 5114
318 5195
319 5153
320 5117
321 5388
322 5152
323 5298
324 5273
325 5174
326 5253
327 5280
328 5304
329 5305
330 5326
331 5317
332 5399
333 5316
334 5456
335 5301
336 5405
337 5454
338 5458
339 5635
340 5662
341 5555
342 5575
343 5478
344 5549
345 5533
346 5637
347 5561
348 5616
349 5563
350 5606
351 5677
352 5549
353 5607
354 5830
355 5631
356 5716
357 5763
358 5634
359 5722
360 5752
361 5736
362 5841
363 5791
364 5853
365 5784
366 5824
367 5847
368 5863
369 5928
370 5819
371 5919
372 5925
373 5917
374 5978
375 6012
376 5972
377 6118
378 5944
379 6061
380 5978
381 6119
382 6102
383 6185
384 6097
385 6163
386 6410
387 6203
388 6176
389 6164
390 6205
391 6229
392 6264
393 6265
394 6323
395 6211
396 6398
397 6351
398 6280
399 6309
400 6440
401 6376
402 6370
403 6416
404 6313
405 6498
406 6441
407 6400
408 6469
409 6543
410 6493
411 6531
412 6572
413 6500
414 6621
415 6638
416 6567
417 6548
418 6671
419 6677
420 6613
421 6646
422 6606
423 6742
424 6714
425 6716
426 6691
427 6870
428 6719
429 6784
430 6934
431 7006
432 6898
433 6912
434 6877
435 7011
436 6974
437 6901
438 6983
439 6937
440 6970
441 6929
442 6971
443 6956
444 7075
445 7033
446 7023
447 7029
448 7034
449 7026
450 7065
451 7201
452 7060
453 7172
454 7161
455 7126
456 7088
457 7297
458 7207
459 7195
460 7268
461 7167
462 7272
463 7209
464 7377
465 7225
466 7387
467 7327
468 7362
469 7367
470 7412
471 7443
472 7421
473 7383
474 7451
475 7450
476 7559
477 7471
478 7676
479 7756
480 7577
481 7583
482 7556
483 7535
484 7587
485 7571
486 7748
487 7670
488 7723
489 7685
490 7671
491 7767
492 7801
493 7743
494 7706
495 7830
496 7766
497 7912
498 7695
499 7818
500 7863
501 7842
502 7920
503 7729
504 7944
505 7963
506 7889
507 7931
508 7892
509 7906
510 8000
511 7963
512 7992
