1 574
2 585
3 596
4 608
5 620
6 630
7 652
8 681
9 721
10 747
11 779
12 909
13 849
14 864
15 918
16 996
17 1041
18 1150
19 1287
20 1250
21 1334
22 1408
23 1684
24 1633
25 1632
26 1736
27 1798
28 1923
29 1995
30 2099
31 2254
32 2459
33 2440
34 2712
35 2669
36 2776
37 2917
38 2997
39 3123
40 3277
41 3409
42 3489
43 3657
44 3793
45 3927
46 4066
47 4155
48 4322
49 4468
50 4620
51 4779
52 4905
53 5071
54 5262
55 5532
56 5714
57 5764
58 5959
59 6089
60 6259
61 6422
62 6624
63 6768
64 6951
65 7151
66 7330
67 7510
68 7732
69 7891
70 8094
71 8253
72 8354
73 8696
74 8891
75 9094
76 9312
77 9521
78 9751
79 9963
80 10201
81 10434
82 10646
83 10872
84 11084
85 11337
86 11545
87 11756
88 12035
89 12286
90 12522
91 12760
92 12990
93 13249
94 13487
95 13732
96 14001
97 14285
98 14652
99 14966
100 15252
101 15520
102 15581
103 15831
104 16161
105 16423
106 16700
107 16980
108 17246
109 17540
110 17839
111 18100
112 18402
113 18710
114 19022
115 19306
116 19611
117 19908
118 20248
119 20511
120 20868
121 21151
122 21499
123 21813
124 22089
125 22427
126 22736
127 23408
128 23497
129 23737
130 24086
131 24411
132 24752
133 25100
134 25453
135 25774
136 26165
137 26534
138 26857
139 27221
140 27653
141 27950
142 28285
143 28636
144 29013
145 29413
146 30012
147 30309
148 30917
149 30901
150 31309
151 31653
152 32055
153 32503
154 32844
155 33231
156 33633
157 34030
158 34425
159 34839
160 35241
161 35659
162 36077
163 36572
164 37245
165 37390
166 37810
167 38145
168 38596
169 39038
170 39452
171 39893
172 40345
173 40767
174 41207
175 41643
176 42094
177 42541
178 43406
179 43471
180 43904
181 44361
182 44992
183 45456
184 45916
185 46407
186 46874
187 47344
188 47839
189 48281
190 48946
191 49479
192 49743
193 50658
194 50697
195 51197
196 51677
197 52173
198 52676
199 53175
200 53672
201 54368
202 54944
203 55214
204 55689
205 56218
206 56881
207 57234
208 57813
209 58323
210 58846
211 59517
212 60166
213 60401
214 60947
215 61466
216 62033
217 62578
218 63103
219 63638
220 64287
221 65186
222 65350
223 65879
224 66450
225 67041
226 67575
227 68129
228 68704
229 69760
230 69892
231 70342
232 71042
233 71575
234 72170
235 72789
236 73344
237 74365
238 74537
239 75552
240 75698
241 76346
242 77027
243 77550
244 78118
245 79184
246 79328
247 79973
248 80595
249 81203
250 81830
251 82416
252 83485
253 83716
254 84375
255 84988
256 85609
257 86258
258 87313
259 87587
260 88180
261 88799
262 89473
263 90096
264 90731
265 91849
266 92124
267 92773
268 93405
269 94089
270 94787
271 95387
272 96081
273 96794
274 97437
275 98162
276 98810
277 99470
278 100159
279 100856
280 101614
281 102269
282 102955
283 103636
284 104404
285 105088
286 106236
287 106440
288 107191
289 107919
290 108590
291 109744
292 110020
293 110807
294 111495
295 112220
296 113396
297 113707
298 114430
299 115156
300 115884
301 117023
302 117455
303 118121
304 118854
305 119613
306 120868
307 121126
308 121841
309 122629
310 123782
311 124891
312 125314
313 126047
314 126839
315 128019
316 128402
317 129178
318 129949
319 130699
320 131951
321 132287
322 133118
323 133910
324 135188
325 135543
326 136321
327 137083
328 138089
329 138980
330 139510
331 140334
332 141695
333 142376
334 142837
335 143603
336 144445
337 145727
338 146110
339 146941
340 147754
341 149071
342 149451
343 150260
344 151306
345 152244
346 152835
347 153700
348 155063
349 155458
350 169998
351 163514
352 158703
353 161450
354 159803
355 162180
356 162243
357 162423
358 168342
359 170354
360 169946
361 167491
362 168298
363 167728
364 168577
365 169473
366 170337
367 171226
368 175458
369 174148
370 180808
371 178939
372 183471
373 178917
374 182413
375 185379
376 186192
377 183505
378 187571
379 188445
380 194137
381 191253
382 190636
383 187133
384 187704
385 187955
386 188828
387 189796
388 190688
389 191689
390 195214
391 193577
392 196659
393 201207
394 211128
395 202941
396 207063
397 224078
398 228086
399 217967
400 216285
401 206255
402 208160
403 209039
404 213390
405 208493
406 208958
407 209580
408 211567
409 213927
410 213195
411 213139
412 214696
413 215669
414 216337
415 218956
416 226844
417 235158
418 222298
419 225235
420 228363
421 228061
422 227181
423 229552
424 233813
425 230376
426 231300
427 230856
428 231149
429 235150
430 236138
431 236078
432 237411
433 236174
434 237521
435 239462
436 239589
437 240632
438 248842
439 243251
440 245833
441 245097
442 246410
443 246986
444 248085
445 249343
446 271754
447 284071
448 266018
449 272900
450 261070
451 259641
452 259642
453 260605
454 261290
455 262142
456 262640
457 263357
458 268665
459 266140
460 272774
461 274052
462 272101
463 271292
464 271670
465 272812
466 273770
467 275567
468 275839
469 280166
470 289504
471 282080
472 283619
473 283265
474 283555
475 293936
476 303624
477 332223
478 307720
479 304250
480 337601
481 326123
482 340809
483 354441
484 355035
485 361538
486 359736
487 351170
488 339709
489 328820
490 327044
491 334667
492 368760
493 355726
494 342043
495 369517
496 360613
497 333429
498 340686
499 404777
500 384086
501 367610
502 387369
503 374634
504 429202
505 412446
506 393254
507 421192
508 402643
509 394561
510 394262
511 366069
512 353633
