1 623
2 637
3 626
4 620
5 666
6 716
7 707
8 818
9 770
10 827
11 905
12 958
13 1026
14 1104
15 1172
16 1253
17 1413
18 1916
19 1523
20 1599
21 1808
22 1818
23 1968
24 2071
25 2203
26 2287
27 2422
28 2597
29 2772
30 2866
31 3001
32 3175
33 3197
34 4124
35 5039
36 3919
37 3936
38 4102
39 4236
40 4282
41 4227
42 4405
43 4500
44 4712
45 4827
46 5088
47 6329
48 5546
49 6139
50 6457
51 6956
52 6711
53 8914
54 7426
55 9263
56 8123
57 8563
58 8781
59 9364
60 9801
61 10301
62 11338
63 10888
64 11062
65 10499
66 11345
67 11685
68 11556
69 11749
70 13143
71 12194
72 15623
73 13083
74 13730
75 15472
76 14513
77 14879
78 14143
79 15273
80 17288
81 16270
82 15064
83 15885
84 19304
85 18117
86 22786
87 19235
88 18800
89 17696
90 17683
91 19157
92 18784
93 21447
94 25982
95 21492
96 21807
97 22148
98 23154
99 22197
100 23660
101 22978
102 24026
103 25064
104 24073
105 24594
106 24135
107 24672
108 24821
109 25646
110 28427
111 26042
112 26375
113 26778
114 29608
115 28442
116 29038
117 31607
118 31918
119 33169
120 33381
121 33753
122 32561
123 37514
124 33561
125 33690
126 35581
127 33263
128 33597
129 34499
130 34422
131 35878
132 39276
133 37607
134 41365
135 37336
136 38911
137 44164
138 43223
139 44358
140 44153
141 44730
142 44724
143 43775
144 46877
145 46105
146 47560
147 44227
148 46496
149 46078
150 45512
151 46115
152 48543
153 46766
154 49761
155 47515
156 50236
157 48657
158 53327
159 50254
160 53254
161 60056
162 62794
163 59994
164 56837
165 58468
166 57033
167 63585
168 72501
169 62275
170 64595
171 63349
172 60375
173 64068
174 72410
175 72317
176 68245
177 69890
178 65570
179 63890
180 75748
181 70950
182 75724
183 73977
184 76580
185 68130
186 70363
187 79656
188 75674
189 75239
190 75455
191 73806
192 78903
193 82055
194 79872
195 82672
196 79703
197 76277
198 76951
199 83837
200 91961
201 86861
202 86151
203 85106
204 81788
205 82567
206 83002
207 83218
208 84385
209 86521
210 93145
211 91454
212 94146
213 95194
214 95567
215 95769
216 95608
217 95380
218 96651
219 93537
220 94230
221 95928
222 100134
223 96914
224 97621
225 100842
226 99745
227 111326
228 111092
229 107755
230 108982
231 109261
232 118874
233 115413
234 109741
235 108846
236 112329
237 125523
238 132811
239 135389
240 134975
241 133243
242 131630
243 116379
244 115140
245 116562
246 116105
247 117044
248 117756
249 118407
250 118698
251 119190
252 120348
253 120995
254 122302
255 123216
256 123709
257 124729
258 125864
259 126851
260 127524
261 127874
262 128010
263 129890
264 129395
265 130262
266 131129
267 132089
268 132976
269 136223
270 148848
271 156554
272 138813
273 137998
274 139411
275 140134
276 141763
277 142618
278 142299
279 144170
280 144244
281 144875
282 145720
283 147771
284 147706
285 148556
286 150357
287 150607
288 151540
289 152230
290 153393
291 154019
292 154950
293 155972
294 172604
295 162313
296 161959
297 161155
298 161985
299 162493
300 163100
301 164141
302 164940
303 165897
304 167505
305 168060
306 168594
307 170309
308 170764
309 170465
310 171584
311 172501
312 173516
313 174525
314 175551
315 176421
316 177701
317 178500
318 196880
319 181107
320 181982
321 183078
322 184266
323 185264
324 185417
325 187195
326 188401
327 189145
328 190035
329 191883
330 192440
331 193761
332 196467
333 197006
334 198056
335 199286
336 200615
337 201645
338 202839
339 203979
340 205139
341 206678
342 207447
343 208813
344 209505
345 208945
346 210596
347 211977
348 212869
349 214856
350 215326
351 215918
352 217541
353 218017
354 219088
355 220253
356 221443
357 222991
358 224018
359 225272
360 225868
361 227982
362 228711
363 229495
364 231050
365 232897
366 233717
367 234683
368 236715
369 237690
370 239003
371 243526
372 241393
373 242232
374 243496
375 244587
376 246781
377 247842
378 249619
379 253830
380 254169
381 255255
382 256537
383 257648
384 259299
385 260405
386 261719
387 263121
388 263996
389 265362
390 267212
391 268554
392 269748
393 270491
394 270332
395 270707
396 271134
397 272907
398 274482
399 275310
400 277631
401 278073
402 279736
403 281075
404 282086
405 283518
406 284577
407 287352
408 289189
409 289236
410 291110
411 292413
412 294410
413 294723
414 296778
415 297710
416 298565
417 299549
418 301734
419 302004
420 304440
421 305901
422 306994
423 310297
424 310151
425 315409
426 316144
427 317548
428 319521
429 320690
430 322799
431 324069
432 325321
433 326354
434 328098
435 329586
436 331269
437 330745
438 330910
439 332346
440 334566
441 335584
442 336276
443 338194
444 340544
445 341078
446 343292
447 343632
448 344981
449 347737
450 348494
451 349477
452 351016
453 353660
454 354251
455 355293
456 358301
457 358198
458 361152
459 362614
460 364143
461 365513
462 366273
463 368639
464 370806
465 371087
466 372606
467 374588
468 375618
469 376814
470 379017
471 381087
472 387643
473 389109
474 390992
475 391738
476 393391
477 395592
478 396612
479 398519
480 397134
481 396174
482 399019
483 401225
484 401658
485 403158
486 405837
487 406601
488 408216
489 409843
490 411948
491 413420
492 416571
493 417549
494 418939
495 419356
496 421519
497 423548
498 424689
499 426922
500 428067
501 429542
502 431123
503 433476
504 435917
505 438185
506 439296
507 440552
508 441124
509 443474
510 445097
511 446264
512 448422
