1	5	0.8300227452423758
1	6	1.3316997476912213
1	11	1.2663614146730877
1	16	0.5934984129492127
1	19	0.8593290657764507
1	31	0.849863796556453
1	33	1.1271947894904306
1	36	0.6162975768549797
1	48	1.4068598452697791
1	55	0.6680069141612672
1	56	0.8747465281766287
1	75	1.2884670261389153
1	87	0.5077101743366221
1	90	0.8747408232334002
1	94	0.6815464879456152
1	98	0.650639465114059
1	113	1.2626737237920351
1	121	0.6219874733575099
1	126	1.011954343993988
1	127	0.8513361997249487
2	7	1.3073673910749015
2	10	0.8051038377811743
2	12	0.5610817678810682
2	28	0.7924486479936022
2	36	1.235967849230862
2	41	0.7987959522939412
2	42	0.5938856651375524
2	55	0.7414322217411176
2	66	1.1602527189888026
2	75	0.6961610448948607
2	78	0.6589663123986811
3	17	1.1606747121735115
3	19	1.3573232933635029
3	37	1.3989195838329618
3	81	1.2343070768981153
3	88	0.5506475587348447
3	97	1.1032800185635083
3	107	1.4433735085204882
3	118	0.5221479203210468
3	120	1.1394611452532923
3	126	1.2247480636146584
3	127	1.3202482770669945
4	6	1.3878089230535875
4	33	0.6693963389613404
4	34	0.5452554221410668
4	35	1.4467290950411973
4	46	1.0814992848268365
4	50	0.6713924942914786
4	60	0.6049800372848688
4	72	0.6577742370007043
4	76	0.5997393094687888
4	77	1.1978631967460616
4	81	1.1215850672210421
4	84	1.3479172733922733
4	94	1.221376634237642
4	96	0.6641190123367056
4	105	0.9210237835369675
4	111	0.7946447191699291
5	15	1.2734336799566834
5	23	1.044697373472647
5	33	0.5347965909986325
5	39	1.0040711419514659
5	42	1.1246866368691244
5	46	1.410613088279199
5	66	1.4638239180648709
5	72	1.468265818040918
5	81	1.1245426489700683
5	102	1.2697249815816618
5	105	0.8647730739454171
5	109	0.5998060855683809
6	14	1.358612162614174
6	27	0.882455060915651
6	44	0.8958581089554927
6	55	1.3044303134434454
6	61	0.8049697085969278
6	69	0.6076170286213904
6	74	0.9321369167489126
6	75	0.5231499607195385
6	77	0.7011773430405253
6	94	0.8549272200019087
7	10	0.6270019755468605
7	21	1.07234706001859
7	31	0.5197138094854552
7	34	1.0030748545247026
7	38	0.6899547686646834
7	44	1.1253514953671244
7	50	1.3135256610469943
7	59	1.198505713007331
7	63	1.0564415130158036
7	76	1.3616224849308391
7	81	0.74536202971842
7	83	1.0534606857315247
7	101	0.7179130842147006
7	103	0.967110831947882
7	121	0.5866782587224566
7	125	1.4324846632150503
8	36	0.99755385068735
8	39	0.8550537726774743
8	44	0.6669426846192872
8	45	1.1425870278205095
8	47	0.6463879555693719
8	53	0.5461741365620163
8	57	0.545240909499616
8	66	1.2621160360042423
8	67	0.5391044177907722
8	80	0.6138725185883793
8	98	0.8751770627804469
8	100	0.8289415941246006
8	117	1.1497453100103496
9	18	0.8121819612912473
9	23	1.2161423355745526
9	31	1.3994145350410787
9	46	0.7858828896224663
9	54	0.8750138743092042
9	63	0.9856873765267982
9	91	0.6498291309263402
9	100	1.3367387613026627
9	101	1.4332923093360002
9	126	1.3803523823120314
10	11	1.3169936462658574
10	24	0.6271379279987599
10	29	1.1585008903545755
10	41	0.5099261313602046
10	61	1.037699596261922
10	67	1.236556500152204
10	72	0.8032043378934606
10	74	1.0629786694323289
10	86	1.4918802378395097
10	87	0.9285164412133087
10	91	1.028571080618604
10	99	1.353603822944687
10	119	0.571561759338197
10	125	1.131134104141139
10	127	1.2113632173679152
11	12	1.424112463826875
11	33	0.502735786593008
11	39	1.2572246634929418
11	43	0.7346002803066869
11	59	1.0996574468459965
11	62	0.958737777992114
11	63	1.457737008910207
11	67	1.082483221700855
11	84	1.2091228926923872
11	89	0.6281946827592295
11	98	0.9253220178873338
11	102	1.3827874401602114
11	113	0.8197153212657393
11	117	1.2924275085938008
11	124	1.1938465061597088
12	16	0.9497057392819281
12	19	1.0754895542834035
12	25	0.8028646799796739
12	26	1.1175718270241408
12	27	0.8338179348945278
12	30	0.5219347795448894
12	31	0.9557191979668993
12	33	0.9020117033657369
12	39	1.0543202030087209
12	52	1.116094541861558
12	59	1.3229000011032854
12	61	0.9197597745641142
12	68	1.179919660506613
12	69	0.7217129356301724
12	70	0.7215152487660583
12	73	1.3019615940925553
12	78	1.2945117349153232
12	89	1.1740141015430738
12	93	0.9559775954059233
12	109	1.233190644585447
12	111	0.937470683171818
12	121	0.6320916954748752
12	122	1.019513304023204
12	127	1.2505390982389462
13	14	0.7558224729521086
13	18	0.5075012195336659
13	26	1.2464512749731125
13	45	0.8117786686382074
13	57	0.7116888890277935
13	64	0.6392161168137205
13	74	0.8812092976204848
13	109	1.2589010413478665
13	110	1.036221751702421
13	112	1.3143531618743052
13	113	0.9275621012248252
14	36	0.8258223449132052
14	81	0.9722863595832205
14	90	1.2821263750756378
14	107	0.7570855940875807
14	112	0.7474134691155248
14	127	0.9374516587747077
15	22	0.5910608031680762
15	49	1.4800168495285406
15	61	1.4249094650311922
15	63	1.2428054278734624
15	67	0.5057667629163174
15	68	0.5780639972034962
15	89	0.6073915272954957
15	90	0.8278558722232512
15	95	1.1433536976786187
15	97	0.9386268723466433
15	103	1.4167207650753475
15	114	1.037720446409155
15	115	0.5638192069464156
15	124	0.9268332364148764
16	32	1.1788897655190915
16	33	1.130938706013136
16	41	1.3702726629013475
16	45	1.050110627873479
16	49	0.6002515589069648
16	69	1.1558319878603436
16	77	0.6326741646012568
16	100	0.5800092634951126
17	25	0.6936176883819434
17	26	1.2273509493127244
17	29	0.9900742264913585
17	31	0.6466447957836312
17	37	0.5651544816090672
17	39	0.6127497591072784
17	70	0.5616899445855237
17	78	0.9526634400980674
17	98	0.5497765668820622
17	105	0.8186419395715727
17	110	1.4961719089270393
17	111	0.5401628713960935
18	20	1.2619228279645942
18	26	1.4729145737933527
18	41	1.1036781635456532
18	53	1.2371405526376986
18	56	0.8410702278152211
18	62	1.3188620090233292
18	74	1.0785518058067287
18	83	0.6284171613136404
18	91	0.6075945781821939
18	95	1.0698270079368566
18	97	0.5453428215352578
18	103	0.6088506275117878
18	111	1.4735509525953439
18	119	0.7333915037091439
18	127	0.5660544169362174
19	50	1.4870417610964943
19	55	0.5300018850654653
19	61	1.32846256390242
19	69	1.19863030025216
19	77	1.358483796497872
19	107	0.8641130126542171
19	109	0.8992483058336926
19	112	1.2251365091923747
19	116	1.2398085204105715
19	120	1.443536070664741
19	124	0.8452844231910961
20	25	1.0077335321471321
20	45	1.2520818729298828
20	50	0.7067921542832685
20	58	1.1834734598460346
20	96	1.4722528845666496
20	97	0.5882551810872527
20	110	1.4661703854249015
20	115	0.9667710890773125
20	119	1.1002105671863214
21	49	1.4934700714358882
21	78	1.3664986479538603
21	86	1.4540791612344677
21	88	0.7764635055001006
21	93	1.4202561240744218
21	96	1.2848604828872203
21	103	0.9053989162035816
21	104	1.0626556079103915
21	106	0.9398787440253102
21	121	1.4338518995474117
21	123	0.5298819001009625
21	128	0.6002468848307092
22	27	0.6315265288470162
22	32	0.9169671241267721
22	49	0.8982733885264225
22	51	0.5851170482439381
22	52	1.0112508372731406
22	61	1.1315480795882802
22	63	0.7459261182374703
22	67	0.605040399409523
22	76	0.6950754986243044
22	77	1.4289943496852668
22	79	1.1662515486800642
22	82	1.2921692191825611
22	99	1.4397537221079368
22	113	0.9718267992687186
22	119	0.667990791840825
23	30	1.1546497181826025
23	33	0.8270126538479734
23	34	0.8559064201317281
23	45	1.4952438633983975
23	53	0.7787436942278312
23	57	1.3402957251439322
23	79	1.0582432708160139
23	90	1.2157733282888328
23	92	0.9548511694246005
23	107	1.2324071199193467
23	114	1.1520546640917326
23	118	1.4104147136661844
23	120	0.704015491905438
24	37	0.8885903199334457
24	39	1.2113618801616766
24	40	1.2109421834040794
24	51	1.017458419137023
24	58	1.0747990413830126
24	79	1.2173261189713134
24	81	1.1582755982557023
24	85	0.6766244849657881
24	88	1.396029914116795
24	94	0.5280833477477642
24	102	1.0815829847726706
24	109	1.1764546192644214
24	120	0.9629823100699391
24	121	1.0794471803875398
24	128	0.5978336968522275
25	32	0.6292892793855724
25	50	0.6445591916223401
25	76	1.3905728670647577
25	81	0.5832377358193017
25	88	1.490049283804374
25	96	1.110569971699476
25	101	0.8344117922825511
25	123	0.5722038724419978
25	127	0.615629017207804
26	27	0.5476016443244511
26	33	0.59296076701537
26	40	1.4194995274048956
26	43	0.7151630411728729
26	45	1.2561655912473373
26	55	0.6726477251750265
26	61	0.9315247381114657
26	74	0.7623258222962557
26	82	1.423916889556471
26	88	0.9274375735165847
26	112	0.8002234991374215
26	117	0.8992654050178674
26	125	0.5520890413270776
26	126	1.3972739256556714
27	37	0.5140760077077311
27	45	0.7385543516387725
27	48	1.1766530769198154
27	65	1.06823937453873
27	73	1.315128555229676
27	75	0.9655966161421596
27	78	0.6591719792247477
27	81	0.5070260897569996
27	83	1.2300370500004947
27	99	1.1205452699398175
27	102	1.2929535422679295
27	103	0.6440033353595978
27	104	0.9853366217324375
27	124	0.8809124766892873
28	35	1.3903684062578558
28	40	0.982650046981449
28	45	1.178266066493662
28	55	1.0254316016044567
28	58	0.7962783099061075
28	63	1.301693798826149
28	64	1.202697206929806
28	66	1.3640807683661749
28	77	1.0874094414265616
28	88	0.8082765748828424
28	98	1.0012348132591988
28	101	1.2283066377919833
28	102	0.7837689123874425
28	115	0.5543309613123111
28	122	1.3818605558169348
28	125	0.6912543558132045
28	128	1.354066968836856
29	33	1.4464107599616525
29	39	1.0517451307800623
29	40	1.4622650373166173
29	42	1.44403199907166
29	43	0.877499439519059
29	46	1.3235545441912968
29	54	0.7617365011506101
29	57	0.9796267477273977
29	65	0.6303774561132673
29	66	1.2752490424140177
29	67	1.2521839366805843
29	78	0.5767610643778016
29	103	0.8926353542117218
29	109	1.4606869948406138
29	119	1.2448755668282365
30	31	1.2389384405385029
30	50	0.7370962545370261
30	55	0.8343287864102056
30	60	0.8281638404549554
30	61	0.6335269468179716
30	74	1.1249360278836915
30	79	0.7545252782078926
30	83	0.7514059552958872
30	99	0.8776791060347395
30	106	1.328305852875613
30	114	0.8769894730680856
30	123	0.5512743755982334
31	34	1.0901269603791313
31	39	0.704274215431421
31	49	0.6027844007534622
31	54	1.3520761906187977
31	59	1.4176602654354773
31	83	1.4893293811794936
31	86	0.623386176059677
31	99	0.5542450926293145
31	108	0.576338594815542
31	124	0.6327929633681393
31	127	0.6970044029729587
32	42	1.2675861985624404
32	53	0.7352523202765497
32	72	0.777546903426046
32	73	0.7958378287974603
32	88	0.7551909352713362
32	99	1.395068000096486
32	101	1.3743466331900658
32	112	0.5071581654990334
32	124	0.9189385484528751
33	35	0.9799193351610718
33	44	1.4018184871599413
33	45	0.5144219604640852
33	46	1.1889092099994205
33	50	0.9915730867640928
33	57	0.616903782839096
33	60	1.3652586144168943
33	78	1.4808378943320588
33	80	1.158020203104667
33	84	0.7853963939232604
33	94	1.1286304725578915
33	101	1.0139206497404534
33	104	1.3413833970716715
33	105	1.3441551399543619
33	120	0.9243588137363659
34	40	0.5053660588180182
34	43	0.9202151759448556
34	45	0.5996645566291834
34	48	0.6012886152194901
34	55	0.5527404871264592
34	62	0.8357531529159894
34	78	1.3252283341084374
34	80	0.7900840117161936
34	86	0.9331499734282458
34	99	1.4640944270887013
34	109	0.7548271358170928
34	112	1.3334401569380203
34	115	0.868852349559297
34	116	1.471319141782639
34	117	0.9084863368862879
34	123	1.413408894425224
34	128	0.8863694836242706
35	43	1.3784262889178167
35	47	0.813217655528387
35	71	1.3256256896015726
35	88	1.418767008383579
35	89	0.699788610091961
35	93	1.2819319377168035
35	104	1.1529918738728187
35	114	0.9789102015613145
35	120	1.2146638970855532
35	126	0.7631817522355289
36	43	1.1798102180152032
36	56	0.8993857407203805
36	72	1.1190565426555272
36	78	1.081162786510675
36	86	1.139683736275115
36	96	1.0137756944792966
36	97	0.8212015680228477
36	114	0.7088209716328229
36	116	0.8088543352865003
36	121	1.0402180800113061
36	122	0.5909365021917257
36	127	0.9049902607765383
36	128	1.346380648065194
37	38	1.1497033185259233
37	45	1.0061688852455177
37	56	1.4956942547301963
37	74	0.940242796837746
37	82	0.6996777142061588
37	89	0.8170755690220421
37	92	0.9587942756543331
37	97	0.9244294908972348
37	98	0.7181976833793031
37	99	0.6269386132323753
37	107	0.8037344406971874
38	39	1.1598583367461754
38	46	1.4189115470529365
38	56	1.1846199090089171
38	68	0.7664014910492489
38	69	0.5712965686756699
38	71	0.7120942674780562
38	73	1.1106937076074457
38	75	0.7680351302379946
38	94	0.5705432079858135
38	98	0.6503910547702756
38	99	0.8117228423056579
38	111	0.9955562903282569
38	114	1.1908031923569458
38	116	1.0334510974425328
38	122	0.5100074189524018
39	42	0.7265201746712504
39	47	0.6336275173648163
39	59	1.4075218995483778
39	68	1.1971592034287444
39	86	0.8924732455239688
39	88	1.1716657480195298
39	105	0.8469020395733866
39	114	0.6602294768793537
39	126	0.698541611831923
40	48	1.1714871592829814
40	57	0.9495334101793995
40	63	1.0763349728492007
40	68	1.0048897720971328
40	88	1.1281506511604147
40	90	1.3302979537468005
40	100	1.3743432195169472
40	104	0.7142722164795654
40	108	0.6386148592497107
40	115	0.6087186981615111
40	117	1.1704851132389316
40	121	1.0794609427929514
41	49	1.0339733448587036
41	56	0.6244281286390876
41	73	0.8489336673158856
41	82	1.3359716771469228
41	93	1.2732510025557424
41	94	1.3461195952170966
41	98	1.4580886450980146
41	118	0.9740595471272089
42	45	0.936763561764278
42	54	0.8839096625244403
42	61	0.7771091687261571
42	67	0.8566881786100893
42	68	0.5093542733285323
42	70	1.3948891834925792
42	80	1.2857472651851896
42	92	0.5305641727824082
42	94	0.9567035539906408
42	119	1.1540007603424325
42	126	1.282575059430035
43	51	1.164178300454677
43	52	0.5566522474546369
43	59	1.2667952264398534
43	64	1.4039507883357267
43	73	1.3328796317116967
43	82	1.014416040308883
43	96	0.5650198824349035
43	101	0.9818990155458318
43	108	0.8553755092789712
43	112	1.1869386603660521
43	113	1.1861395999864557
43	117	0.8755830540176497
43	119	1.4716826210573835
43	122	0.677049795695122
44	62	1.3427755864358746
44	68	1.4718934815344187
44	92	0.8821516368398761
44	93	0.9482796680563625
44	95	0.5283262735960637
44	123	1.2384396454082467
44	127	0.9352637667241348
45	46	0.9049345731044014
45	50	1.0751262494009335
45	72	1.2979633295245985
45	84	0.8866135123893601
45	87	0.8818184681259964
45	92	1.0927834622274726
45	95	0.900112765822519
45	96	0.7009641968284048
45	102	1.2012194613528764
45	116	1.351550190151648
46	94	1.3595706944533896
46	100	0.5889992910116368
46	104	1.149518307601701
46	108	1.2907687407071242
46	109	0.8605312087656252
46	116	1.349453566382564
46	124	1.4973667976025482
47	48	0.9403446255901
47	51	0.9782420070659477
47	61	1.44371033957856
47	71	0.62937629878221
47	73	1.353715742687006
47	91	0.7232677904845688
47	95	0.8927924714166737
47	96	1.1562991166784686
47	97	0.9654719421587987
47	108	0.5109074474508191
47	127	0.5366918169444814
48	49	1.0415292012756991
48	53	1.288688459358284
48	61	0.9112514881430864
48	62	1.3773625045989615
48	64	1.4166662647926584
48	73	1.1640284160527172
48	74	1.0585361681382797
48	79	0.9573987681904901
48	84	1.1684181840714094
48	87	1.360940282825127
48	90	1.3931266797970536
48	91	0.5549640631455433
48	101	0.7210178468623281
48	104	0.5986534945600199
48	105	0.9238461838583047
48	108	0.6584247459041239
48	118	1.1783875330497717
48	124	1.158720737806463
48	128	1.0767492196394286
49	54	1.4079226716394124
49	55	1.4476430596473373
49	59	0.873671451947593
49	62	1.3148693455945337
49	77	1.4424111509386472
49	81	1.3938294162467262
49	84	1.4478196544410287
49	95	0.8146436396185048
49	100	1.0257870895998256
49	104	0.8934646655078811
49	107	1.1529210002943702
50	61	1.4165565064911434
50	75	0.7171181927016954
50	96	1.216148171760497
50	98	1.4451258212658373
50	112	0.9030394217645272
50	123	0.8602902839020237
51	63	0.6872646119847023
51	67	0.9498210571171275
51	68	0.6617044751018304
51	71	0.6560472076987811
51	72	0.6817903047878522
51	74	0.7786145862191691
51	83	0.7246832954816429
51	85	1.1093000449696266
51	91	0.6421945189533325
51	116	0.5505667926031512
51	118	1.0157004819965572
52	57	0.8970000174972859
52	65	0.8433662381782776
52	73	1.3279262576372932
52	75	0.9892014877952298
52	76	1.4997053319465519
52	77	0.9557516939977331
52	80	1.312540961392433
52	84	1.3205783418273498
52	109	1.409621073707348
53	71	1.367991602318268
53	83	1.1090550281829388
53	85	1.3139106847417723
53	102	0.861127250052355
53	111	1.3577616170385183
53	113	0.6404379404782186
53	115	0.816015653573539
53	117	0.5854017061924
53	121	1.3156859351379082
54	70	1.3433146922072967
54	72	1.0728012252831702
54	74	0.9796353518075813
54	75	0.8714861584342968
54	94	1.2417365389433066
54	101	0.5496693171471674
54	103	1.3216872799320225
54	122	0.8248415266556841
54	128	0.991781640982401
55	57	1.4640684053389847
55	65	0.6259092744983621
55	75	1.04834836563255
55	79	1.0928607728728958
55	83	0.5594484810310512
55	87	1.2165843026556833
55	96	1.3280668697332012
55	98	1.305491832466164
55	114	1.3389276043340577
55	121	1.2650887051501112
55	122	1.3227990454678367
56	58	0.8789355868537652
56	60	0.9008228635964339
56	71	0.6404571075822487
56	76	0.8486568585757523
56	80	1.217844511410192
56	92	1.2317773212498713
56	94	0.869524952046907
56	97	1.1581009535683335
56	124	1.23699676595945
56	128	1.0907733828257389
57	68	1.1526180327106885
57	69	0.6028623078234332
57	81	1.2526462277603863
57	85	1.3081354045745277
57	88	0.5626917069959116
57	91	1.4015180111292014
57	93	1.3782264484162996
57	112	0.5612994650334473
57	116	0.9207176187656623
58	61	0.7862813328381892
58	67	0.8944236355364636
58	76	1.2894670112949513
58	83	1.4622089103003908
58	107	1.2417525391123898
58	120	0.5147466262572886
58	124	1.4981523895544973
59	73	1.3826759440128469
59	78	0.7846186217081235
59	80	1.4252487754696461
59	94	1.3953908135173045
59	100	0.6156556090668199
59	102	0.7385071126407212
59	111	0.929819873583398
59	128	0.9194284283063408
60	90	1.0759670097017502
60	107	1.2462486971075555
60	108	0.6739643254370873
60	109	0.6734688885708648
60	112	0.8917333557261025
60	115	0.8721857195295182
60	123	0.7281605619908165
60	125	0.917135346556359
61	64	1.4564463181878378
61	69	0.8111512351463159
61	74	0.8089145549509082
61	82	0.8328204703487441
61	91	0.94144670535804
61	99	1.3455382055135643
61	109	1.1129723474189361
62	66	0.9253779297242906
62	76	1.1585218384276728
62	78	0.8248373163394531
62	103	1.3840369355024522
62	106	1.326490204472037
63	65	1.4767360363815238
63	66	0.6783002429586173
63	69	1.0573576012008594
63	71	0.6728448512741332
63	80	1.3476426735113225
63	90	1.2636059249924776
63	93	1.2864442765808266
63	104	0.7471357398224476
63	121	1.4463449900965644
64	87	1.3127113312069139
64	94	1.2040868239263813
64	103	1.4451819202460623
64	104	0.5920837447847913
64	123	1.1581559249886921
65	66	0.7761274352429899
65	73	0.7980869942291362
65	80	1.4587000145880644
65	107	1.3433031422542674
65	121	0.8243975969350805
66	67	0.6013414809894277
66	71	1.4125050314895973
66	75	0.6721884689676669
66	76	1.1159159138718113
66	83	0.6999294075695073
66	102	1.078395882024787
66	104	1.4179501032901385
66	119	1.1053361580631083
66	128	1.1779389308955777
67	68	0.6567448517616186
67	74	0.6034975408062278
67	76	1.1138837587246087
67	89	1.4404762086659417
67	92	0.5401963062529627
67	108	0.6050185728255044
67	122	0.9098873345346665
68	71	0.6526117079882883
68	81	0.7918707844071939
68	92	0.7469973123573159
68	95	1.3663449380973145
68	100	0.7558952871556928
68	109	0.9737690709544089
68	113	0.8433545597290533
68	115	0.8308568161317504
68	117	0.5201830869055304
68	123	0.5858573235174231
69	71	1.1982476601176424
69	72	1.2567354544965605
69	76	0.6586874639255982
69	79	1.3139766955240886
69	93	1.3368248404495067
69	99	0.794497277636151
69	100	1.2803438235825813
69	107	0.8137202711744911
69	114	1.136297558884035
70	73	0.7603245723218117
70	81	1.1314753316746393
70	110	0.855981340751468
70	113	1.4497913814585148
70	122	0.8536073241287039
71	72	1.3567021472257832
71	75	1.430575382878066
71	97	1.4847610629193388
71	104	1.2264415018027681
71	108	0.9359113946446618
71	109	0.6148734359171342
71	118	0.5446060358020577
72	93	0.7174667482837229
72	98	1.1466502913940966
72	103	0.6393588991841905
72	119	1.3025557001271955
72	120	1.3951949684524259
73	76	1.1873577306580905
73	79	1.1797628351114748
73	82	1.3965152312226765
73	94	1.2263455392028673
73	107	0.9747933658330199
73	116	0.7635898540210091
73	126	1.163148982566176
74	83	1.4862473156543297
74	85	0.8714701892725405
74	94	1.2782726171661007
74	95	0.9981224136324249
74	96	0.5150387374440357
74	98	0.9994678612654309
74	99	1.2749445030900115
74	100	1.201821762771855
74	101	1.1155382164829346
74	107	0.8678707372276164
74	112	0.9928946325854393
74	125	0.6622905528025542
75	77	1.4417779387227285
75	90	0.9383048854118847
75	91	0.5311623510833536
75	92	0.6925714777211738
75	108	0.6996514889421959
75	117	0.6382062185710051
76	78	0.5088138949686176
76	87	1.200345698437434
76	101	1.1037633336828623
76	105	1.4298792066226922
76	106	0.8339494644721093
76	111	0.7887727939700238
76	120	0.8945397478369495
77	83	1.0646417119392206
77	91	1.2297724671027053
77	96	1.1566399242562497
77	100	1.2896713801023187
77	114	0.7590375242661407
77	115	1.202459788817056
78	89	1.182844570512378
78	91	0.6865274048975305
78	94	1.2535735385756717
78	98	0.8541233497362928
78	108	1.2738950425479507
78	120	0.8486093331647722
78	122	0.6716435697650496
78	126	1.4382835001964962
79	85	0.5922218094070357
79	126	1.2057719593425895
80	92	0.6351953028147324
80	95	0.5329324797151658
80	98	1.4270675545889997
80	101	0.8660334815954625
80	109	1.1052054837280711
80	115	1.2759595193584017
80	116	1.2510994485784142
80	122	0.5304510004029106
81	83	0.538206528361997
81	90	0.8275325434173819
81	91	0.8530692354693461
81	105	0.9611758450215255
81	113	0.8871420111296584
81	118	1.0996060239728076
81	124	1.4428082844696026
82	84	1.020382966990932
82	95	1.0011972543688654
82	96	0.6153043491569896
82	116	1.1591092969064003
82	121	0.6956217967139049
82	122	0.7267721439499939
82	124	1.1466993678721586
83	92	0.9492697308561557
84	89	0.8883960305906184
84	99	1.0248352469347528
84	105	1.3580160177749008
84	110	0.5096822788415345
84	119	1.1094753849702426
84	121	1.0789604307922223
84	123	1.0748699669027608
84	127	1.1151976823782872
85	89	1.080872325923829
85	92	0.8097850620115685
85	94	1.056776534101507
85	104	0.6487245966281912
85	108	0.5141494590723081
85	110	0.9903348938900396
85	123	0.9327342694847864
86	90	1.23657671342736
86	102	1.2705070268403984
86	105	1.2572023593118427
86	108	0.6533769904319313
86	119	0.5093087223898711
86	120	0.8672253787430271
86	121	1.0527542556491665
87	106	0.5748470654829063
87	111	1.3410724348026124
87	119	0.8054517421841203
87	124	0.6567943664642346
87	127	1.4465645020209112
88	95	0.5208566412847471
88	100	0.5182155113070321
88	101	0.5030324142674252
88	104	1.0586004805228435
88	110	0.5546157159038709
88	119	0.6170635635496067
88	124	1.2324461387334391
89	93	1.459830577243229
89	96	1.4583694573748829
89	111	0.5667730454818671
89	112	0.9212865195014592
89	121	1.4458958327757572
89	125	1.375013187553202
89	126	1.364066722675078
90	95	1.0298152600814112
90	100	0.9093442956633224
90	107	1.4492550644603917
90	125	1.3924662520061235
91	95	1.3515198344047055
91	103	0.7636494914723388
91	106	0.5236157949905282
91	107	1.1714374917550423
91	113	0.92646995738377
92	93	1.3405568142550999
92	102	1.2474611008084746
92	107	0.7945266889811491
92	111	0.6405486135520642
92	122	1.416825559285542
92	127	0.8123918315747711
93	98	1.2773170000779377
93	100	0.6863204777383758
93	115	1.2457058147781814
93	116	1.2440712874964046
93	119	1.3330611271651562
94	99	0.9876355669733989
94	103	1.1063164820793383
94	107	1.089424049683872
94	109	1.0168762065413695
94	111	0.6203772321699563
94	113	0.7887411983557255
94	115	0.6594440669550674
94	116	0.6005462424430688
95	97	0.9162936350475763
95	98	1.3157783089326647
95	99	1.430247232990414
95	102	1.2552069792900962
95	115	0.5833282376757079
95	121	1.2552777764488778
95	123	1.4991072708854234
96	101	1.4058713758245436
96	109	0.6499373813748541
96	115	0.544459867274824
96	119	0.9346149864296884
96	122	1.2341889294443718
96	127	0.7346267863763107
97	99	1.463051033831879
97	115	0.6291263745491249
97	117	1.3288275301891852
97	125	0.9326606517385299
97	127	0.7421979969580121
98	101	0.9570295991507438
98	103	0.869500320181295
98	104	0.8761198595494875
98	127	1.1820553314571056
99	120	1.1288525660271853
99	124	1.4338615230249445
99	128	0.6764399086058379
100	103	1.4661644553681281
100	111	1.0202156876293877
100	112	0.6377104635415651
100	113	0.7379037210321286
100	123	0.5705771012240568
100	124	1.0831926832489196
101	113	0.9898742251781405
101	125	1.4809172290873673
102	109	0.8321201120822563
102	114	0.9816461173968958
102	117	1.3975451292388965
103	110	0.5574451253488777
103	113	0.6230972852919305
103	116	1.0942729183490425
103	121	0.6979795933288113
103	124	1.4377052179419307
103	126	1.1295234928047597
103	128	0.9442527538344012
104	108	0.9524971948640846
104	121	1.2461254333922653
104	126	1.2000465786943857
105	117	1.134879928998991
105	125	0.5305966344554087
106	113	0.6683874043423457
106	125	0.8193094652463642
106	127	0.8314801356667538
106	128	0.5126607546563524
107	110	0.5876170222428792
107	117	0.5789391634169092
107	118	1.2061501040756253
107	122	0.7870548925920011
107	126	0.9669418384656563
108	118	0.685471749232692
109	114	1.0442892721368953
109	117	0.991872927544091
109	123	1.484488022029999
109	127	0.7464861970668433
110	119	0.9514797579825378
110	122	0.7924366702995804
110	126	0.7775613646145256
111	126	0.6117639929355592
112	121	0.6735884960561918
112	122	1.473341627890275
112	123	0.8093492771549606
112	124	0.9624396443928032
113	114	1.1478411243123599
114	125	0.6985583878858481
114	126	0.8062289793942239
114	128	1.1005260114325588
115	118	0.8522052237726472
115	124	0.5358532683799215
115	128	0.8465128638679906
117	122	0.5866176403830485
117	128	0.514640549791392
118	119	0.5123284763695104
118	126	1.0470965517198072
119	124	0.6151606753356758
119	125	0.5873077283805437
119	127	0.6002450657560712
120	123	0.5520045542219998
121	124	1.2884771102990007
122	126	1.0342154461308253
123	126	1.272400405385897
127	128	1.1608787405804217