1 578
2 639
3 617
4 616
5 628
6 679
7 692
8 633
9 628
10 625
11 626
12 643
13 630
14 633
15 650
16 629
17 647
18 668
19 652
20 652
21 662
22 659
23 663
24 662
25 671
26 679
27 680
28 687
29 699
30 696
31 693
32 698
33 703
34 721
35 701
36 715
37 715
38 716
39 721
40 720
41 725
42 724
43 736
44 731
45 737
46 745
47 745
48 753
49 755
50 759
51 755
52 749
53 761
54 758
55 768
56 761
57 774
58 770
59 785
60 783
61 826
62 835
63 789
64 806
65 807
66 805
67 800
68 802
69 812
70 798
71 809
72 811
73 804
74 815
75 819
76 825
77 843
78 829
79 846
80 852
81 862
82 825
83 855
84 837
85 862
86 838
87 829
88 857
89 871
90 900
91 864
92 879
93 889
94 851
95 879
96 885
97 876
98 892
99 893
100 892
101 894
102 907
103 920
104 898
105 902
106 917
107 914
108 925
109 1021
110 919
111 927
112 959
113 937
114 933
115 932
116 944
117 933
118 940
119 964
120 960
121 958
122 943
123 955
124 970
125 966
126 970
127 974
128 980
129 975
130 967
131 980
132 982
133 1007
134 987
135 991
136 997
137 996
138 995
139 1005
140 1003
141 1010
142 1011
143 1012
144 1012
145 1020
146 1021
147 1024
148 1019
149 1061
150 1034
151 1024
152 1038
153 1045
154 1038
155 1114
156 1092
157 1068
158 1089
159 1069
160 1093
161 1075
162 1458
163 1071
164 1078
165 1122
166 1087
167 1211
168 1083
169 1088
170 1174
171 1108
172 1109
173 1114
174 1137
175 1095
176 1120
177 1111
178 1114
179 1112
180 1127
181 1129
182 1129
183 1130
184 1131
185 1136
186 1125
187 1138
188 1144
189 1140
190 1142
191 1140
192 1143
193 1151
194 1143
195 1157
196 1179
197 1172
198 1165
199 1170
200 1172
201 1186
202 1302
203 1185
204 1190
205 1276
206 1189
207 1203
208 1199
209 1197
210 1194
211 1208
212 1206
213 1208
214 1214
215 1222
216 1224
217 1221
218 1225
219 1223
220 1233
221 1238
222 1224
223 1247
224 1229
225 1232
226 1256
227 1258
228 1251
229 1271
230 1267
231 1253
232 1265
233 1262
234 1284
235 1269
236 1301
237 1265
238 1277
239 1293
240 1277
241 1313
242 1275
243 1293
244 1265
245 1304
246 1301
247 1436
248 1341
249 1316
250 1396
251 1360
252 1331
253 1297
254 1371
255 1255
256 1354
257 1356
258 1288
259 1384
260 1356
261 1382
262 1399
263 1290
264 1413
265 1581
266 1307
267 1371
268 1401
269 1371
270 1313
271 1373
272 1391
273 1370
274 1373
275 1393
276 1432
277 1389
278 1379
279 1359
280 1382
281 1422
282 1437
283 1377
284 1386
285 1387
286 1414
287 1441
288 1424
289 1425
290 1439
291 1435
292 1429
293 1452
294 1616
295 1450
296 1493
297 1513
298 1457
299 1470
300 1493
301 1435
302 1463
303 1470
304 1470
305 1529
306 1467
307 1467
308 1470
309 1484
310 1480
311 1497
312 1493
313 1498
314 1486
315 1497
316 1520
317 1497
318 1503
319 1502
320 1519
321 1514
322 1512
323 1628
324 1531
325 1748
326 1514
327 1534
328 1529
329 1526
330 1532
331 1536
332 1556
333 1553
334 1568
335 1560
336 1562
337 1577
338 1569
339 1622
340 1686
341 1566
342 1672
343 1596
344 1598
345 1576
346 1627
347 1611
348 1610
349 1614
350 1598
351 1616
352 1619
353 1616
354 1612
355 1614
356 1800
357 1617
358 1644
359 1630
360 1649
361 1624
362 1643
363 1647
364 1820
365 1657
366 1721
367 1719
368 1676
369 1683
370 1668
371 1679
372 1668
373 1673
374 1683
375 1688
376 1685
377 1690
378 1705
379 1694
380 1704
381 1694
382 1716
383 1712
384 1706
385 1724
386 1832
387 1717
388 1728
389 1825
390 1724
391 1734
392 1731
393 1733
394 1721
395 1737
396 1736
397 1739
398 1742
399 1750
400 1751
401 1769
402 1763
403 1751
404 1765
405 1763
406 1775
407 1779
408 1772
409 1781
410 1769
411 1786
412 1787
413 1793
414 1795
415 1798
416 1794
417 1813
418 1819
419 1796
420 1820
421 1865
422 1798
423 1789
424 1810
425 1841
426 1844
427 1841
428 1832
429 1870
430 1812
431 1851
432 1975
433 1841
434 1936
435 1866
436 1865
437 1864
438 1912
439 1854
440 1863
441 1866
442 1861
443 1881
444 1880
445 1886
446 1878
447 1885
448 1881
449 1900
450 1895
451 1900
452 1948
453 1991
454 1905
455 1912
456 1893
457 1917
458 1902
459 1920
460 1926
461 1917
462 1937
463 1921
464 1934
465 1934
466 1932
467 1940
468 1948
469 1951
470 1958
471 1958
472 1958
473 2293
474 1961
475 1958
476 1971
477 2406
478 2076
479 1981
480 1992
481 2078
482 1985
483 1985
484 2022
485 1996
486 2001
487 1998
488 2002
489 2001
490 2004
491 2007
492 2011
493 2016
494 2022
495 2021
496 2023
497 2037
498 2031
499 2032
500 2024
501 2039
502 2040
503 2036
504 2047
505 2043
506 2052
507 2065
508 2063
509 2059
510 2064
511 2051
512 2065
