1 588
2 595
3 605
4 600
5 610
6 620
7 619
8 656
9 661
10 671
11 686
12 704
13 822
14 1218
15 1269
16 837
17 814
18 843
19 812
20 812
21 836
22 910
23 976
24 924
25 916
26 952
27 1028
28 949
29 959
30 982
31 1013
32 999
33 1019
34 1030
35 1040
36 1050
37 1079
38 1081
39 1109
40 1142
41 1127
42 1149
43 1139
44 1210
45 1228
46 1230
47 1176
48 1215
49 1294
50 1279
51 1288
52 1299
53 1324
54 1336
55 1314
56 1339
57 1376
58 1411
59 1458
60 1419
61 1429
62 1457
63 1453
64 1472
65 1658
66 1534
67 1507
68 1771
69 1699
70 1560
71 1546
72 1592
73 1598
74 1667
75 1668
76 1618
77 1650
78 1696
79 1679
80 1713
81 1813
82 1792
83 1837
84 1797
85 1816
86 1832
87 1835
88 1903
89 1918
90 1888
91 1948
92 1953
93 1895
94 1946
95 1944
96 1970
97 2012
98 2012
99 2054
100 2026
101 2037
102 2052
103 2092
104 2192
105 2089
106 2146
107 2204
108 2201
109 2160
110 2294
111 2284
112 2318
113 2233
114 2226
115 2241
116 2241
117 2243
118 2383
119 2349
120 2350
121 2323
122 2441
123 2338
124 2374
125 2416
126 2387
127 2492
128 2478
129 2495
130 2473
131 2550
132 2439
133 2614
134 2587
135 2486
136 2496
137 2614
138 2646
139 2562
140 2589
141 2663
142 2611
143 2693
144 2710
145 2642
146 2737
147 2727
148 2700
149 2775
150 2765
151 3005
152 2893
153 2850
154 2851
155 3064
156 2885
157 2913
158 2880
159 2948
160 2938
161 2945
162 2946
163 2992
164 2945
165 3016
166 3032
167 3020
168 3034
169 3082
170 3069
171 3091
172 3112
173 3070
174 3167
175 3158
176 3102
177 3216
178 3171
179 3212
180 3252
181 3246
182 3171
183 3301
184 3340
185 3243
186 3367
187 3462
188 3449
189 3344
190 3442
191 3356
192 3425
193 3380
194 3463
195 3454
196 3425
197 3474
198 3401
199 3484
200 3528
201 3592
202 3564
203 3625
204 3615
205 3568
206 3617
207 3595
208 3648
209 3652
210 3719
211 3577
212 3729
213 3650
214 3759
215 3718
216 3687
217 3789
218 3756
219 3807
220 3807
221 3698
222 3865
223 3825
224 3825
225 3861
226 3927
227 3906
228 3956
229 4001
230 3994
231 3919
232 3992
233 4008
234 4026
235 4056
236 4043
237 4039
238 4085
239 3996
240 4135
241 4137
242 4112
243 4129
244 4162
245 4177
246 4180
247 4339
248 4336
249 4346
250 4207
251 4263
252 4282
253 4296
254 4302
255 4289
256 4304
257 4336
258 4348
259 4380
260 4412
261 4397
262 4429
263 4476
264 4551
265 4658
266 4685
267 4547
268 4553
269 4575
270 4615
271 4609
272 4605
273 4587
274 4649
275 4562
276 4587
277 4612
278 4704
279 4669
280 4897
281 4838
282 4741
283 4726
284 4794
285 4796
286 4781
287 4786
288 4832
289 4845
290 4859
291 4844
292 4994
293 5172
294 4936
295 4959
296 4948
297 4971
298 4966
299 4973
300 4962
301 4987
302 5004
303 4998
304 5045
305 5045
306 5028
307 5121
308 5078
309 5132
310 5106
311 5103
312 5137
313 5177
314 5216
315 5235
316 5210
317 5214
318 5235
319 5230
320 5261
321 5286
322 5280
323 5297
324 5331
325 5334
326 5386
327 5544
328 5546
329 5434
330 5418
331 5432
332 5425
333 5453
334 5518
335 5487
336 5849
337 5690
338 5516
339 5709
340 5749
341 5600
342 5657
343 5531
344 5627
345 5649
346 5673
347 5672
348 5702
349 5655
350 5725
351 5713
352 5707
353 5831
354 5809
355 5789
356 5792
357 5773
358 5839
359 5810
360 5834
361 5877
362 5940
363 5910
364 5923
365 5977
366 5931
367 5945
368 6018
369 6026
370 5999
371 6017
372 6034
373 6035
374 6060
375 6063
376 6079
377 6106
378 6182
379 6259
380 6443
381 6160
382 6177
383 6168
384 6283
385 6212
386 6566
387 6241
388 6310
389 6277
390 6285
391 6290
392 6323
393 6332
394 6373
395 6377
396 6380
397 6388
398 6407
399 6396
400 6472
401 6418
402 6465
403 6484
404 6522
405 6518
406 6570
407 6531
408 6569
409 6582
410 6598
411 6593
412 6668
413 6790
414 6716
415 6694
416 6728
417 6698
418 6772
419 6932
420 6889
421 6823
422 6808
423 6755
424 6807
425 6825
426 7012
427 6915
428 6848
429 6860
430 6923
431 7038
432 7092
433 7014
434 6957
435 6950
436 7028
437 6978
438 7049
439 6999
440 7037
441 7049
442 7081
443 7071
444 7041
445 7189
446 7088
447 7088
448 7134
449 7151
450 7234
451 7192
452 7205
453 7215
454 7283
455 7257
456 7335
457 7278
458 7347
459 7316
460 7354
461 7351
462 7358
463 7376
464 7415
465 7376
466 7436
467 7431
468 7461
469 7741
470 7637
471 7467
472 7522
473 7491
474 7530
475 7530
476 7555
477 7606
478 7787
479 7791
480 7677
481 7647
482 7711
483 7666
484 7633
485 7697
486 7715
487 7762
488 7889
489 7965
490 7944
491 7853
492 7861
493 7829
494 7863
495 7848
496 7859
497 7882
498 7918
499 7896
500 7985
501 7982
502 8031
503 8263
504 8013
505 7984
506 8020
507 8015
508 8308
509 8249
510 8078
511 8072
512 8150
