1 587
2 608
3 587
4 613
5 629
6 660
7 682
8 704
9 748
10 776
11 851
12 923
13 987
14 1058
15 1127
16 1197
17 1247
18 1401
19 1454
20 1577
21 1670
22 1862
23 1910
24 1999
25 2114
26 2245
27 2305
28 2384
29 2595
30 2705
31 2869
32 2985
33 3150
34 3304
35 3427
36 3575
37 3732
38 3815
39 4062
40 4187
41 4352
42 4508
43 4642
44 4878
45 5045
46 5220
47 5357
48 5594
49 5806
50 5979
51 6215
52 6493
53 6567
54 7025
55 7079
56 7220
57 7465
58 7564
59 7949
60 8151
61 8383
62 8580
63 8834
64 9067
65 9309
66 9498
67 9805
68 10072
69 10271
70 10571
71 10856
72 11134
73 11426
74 11617
75 11957
76 12110
77 12607
78 12801
79 13019
80 13420
81 13857
82 14127
83 14351
84 14593
85 14990
86 15238
87 15857
88 16036
89 16337
90 16514
91 16922
92 17254
93 17611
94 17913
95 18241
96 18644
97 18939
98 19378
99 19692
100 20379
101 20399
102 20828
103 21139
104 21520
105 21964
106 22427
107 22714
108 23119
109 23503
110 23847
111 24207
112 24643
113 25073
114 25957
115 25870
116 26285
117 26811
118 27167
119 27521
120 28069
121 28501
122 28920
123 29319
124 29755
125 30309
126 30718
127 31080
128 31557
129 32002
130 32544
131 32966
132 33441
133 34326
134 34412
135 34877
136 35339
137 35686
138 36506
139 36866
140 37260
141 37918
142 38311
143 38761
144 39261
145 39921
146 40775
147 40944
148 41961
149 42004
150 42731
151 43097
152 43612
153 44090
154 44759
155 45319
156 45807
157 46226
158 46983
159 47487
160 47979
161 49007
162 49210
163 49668
164 50019
165 50865
166 51492
167 52070
168 52536
169 53220
170 53912
171 54412
172 55190
173 55670
174 56186
175 56968
176 57547
177 58254
178 58964
179 59622
180 60161
181 60998
182 61426
183 61939
184 62508
185 63195
186 63996
187 64408
188 65149
189 65706
190 66666
191 67265
192 67831
193 69182
194 69384
195 69906
196 70767
197 71310
198 71800
199 73138
200 73379
201 74144
202 74833
203 75546
204 76403
205 77067
206 78162
207 78362
208 79076
209 79818
210 80627
211 81385
212 82524
213 83225
214 83845
215 84420
216 85184
217 85819
218 86826
219 87186
220 88748
221 88957
222 89385
223 90466
224 91397
225 91778
226 92732
227 94129
228 94293
229 95281
230 96017
231 96873
232 97583
233 98955
234 99312
235 99795
236 101071
237 101750
238 102857
239 103945
240 104264
241 105007
242 105984
243 106992
244 108016
245 108320
246 109236
247 110369
248 110995
249 112439
250 112925
251 113603
252 114669
253 115489
254 116655
255 117226
256 118304
257 119133
258 119906
259 120715
260 121891
261 122429
262 123247
263 124325
264 125662
265 126353
266 127053
267 127872
268 129403
269 130197
270 130972
271 132157
272 132697
273 133724
274 134888
275 134896
276 135158
277 136218
278 136831
279 137693
280 138560
281 139849
282 140861
283 141233
284 142816
285 143748
286 146286
287 146957
288 148075
289 149606
290 150791
291 151359
292 152284
293 153725
294 154031
295 155252
296 156534
297 158131
298 158847
299 159371
300 160337
301 162337
302 162481
303 163747
304 165322
305 165732
306 166240
307 167715
308 168966
309 169912
310 170981
311 172109
312 172812
313 174629
314 175539
315 176918
316 177876
317 178786
318 180133
319 181495
320 181919
321 184175
322 184353
323 185355
324 187347
325 188071
326 189134
327 190271
328 190873
329 192102
330 193496
331 194886
332 196183
333 197201
334 198102
335 199005
336 201149
337 200556
338 202072
339 204192
340 204935
341 206251
342 207539
343 208438
344 209864
345 211670
346 211833
347 212845
348 214261
349 214627
350 217030
351 217581
352 219022
353 220358
354 221899
355 223036
356 223861
357 225405
358 227618
359 227905
360 229542
361 229314
362 228925
363 230266
364 230988
365 241664
366 250523
367 248307
368 247825
369 256394
370 259341
371 258136
372 272216
373 259300
374 254108
375 293352
376 272199
377 263431
378 264793
379 264531
380 291779
381 278461
382 283448
383 270074
384 293588
385 301482
386 275843
387 342954
388 353352
389 335245
390 315617
391 335224
392 321412
393 326445
394 332024
395 288169
396 294382
397 293243
398 287711
399 289573
400 289434
401 293965
402 313326
403 299968
404 297534
405 296289
406 320212
407 312906
408 330412
409 327745
410 314721
411 307540
412 332850
413 319030
414 330716
415 334044
416 318477
417 315712
418 337410
419 317086
420 321554
421 326013
422 321906
423 322308
424 339804
425 358279
426 352310
427 355350
428 339136
429 339156
430 341311
431 363280
432 356501
433 344738
434 341674
435 341576
436 343384
437 345093
438 344885
439 346947
440 375284
441 359017
442 359157
443 361104
444 358923
445 358906
446 359249
447 359220
448 360888
449 373226
450 372909
451 365075
452 367279
453 368980
454 369783
455 372369
456 372768
457 375199
458 376519
459 374884
460 376201
461 380333
462 381980
463 384210
464 383117
465 388809
466 410979
467 403939
468 398030
469 479844
470 407098
471 443407
472 412022
473 409733
474 410871
475 409579
476 406903
477 408532
478 408217
479 409967
480 412285
481 413425
482 414576
483 415512
484 417771
485 418216
486 422394
487 421602
488 423281
489 433375
490 427174
491 430726
492 431102
493 438051
494 435527
495 436220
496 438601
497 438759
498 440106
499 441729
500 443256
501 441105
502 440881
503 442858
504 445101
505 445513
506 447022
507 448869
508 450917
509 452728
510 456153
511 456125
512 457548
