1	4	5
1	18	2
1	30	1
1	43	5
1	73	1
1	77	2
1	83	4
1	85	4
1	93	5
1	97	5
1	111	4
1	112	3
1	118	3
1	127	4
2	6	1
2	9	5
2	20	2
2	33	1
2	44	3
2	49	5
2	50	3
2	55	5
2	56	1
2	82	3
2	102	3
2	109	5
2	112	5
2	115	1
2	118	5
2	121	4
2	123	1
3	11	4
3	12	3
3	17	2
3	20	5
3	21	1
3	38	1
3	52	1
3	54	1
3	56	1
3	62	1
3	73	5
3	76	2
3	86	2
3	88	2
3	99	2
4	9	3
4	33	1
4	34	5
4	38	3
4	44	1
4	46	5
4	72	1
4	94	1
4	97	2
4	103	1
4	111	3
4	124	5
5	7	2
5	10	3
5	12	1
5	16	4
5	24	1
5	49	3
5	54	2
5	62	1
5	67	1
5	69	2
5	74	4
5	84	3
5	85	4
5	99	1
5	101	2
5	105	4
5	107	3
5	110	1
5	127	5
6	9	3
6	26	5
6	58	4
6	63	2
6	72	5
6	88	1
6	89	3
7	9	4
7	20	4
7	33	4
7	36	3
7	38	2
7	49	3
7	51	3
7	59	2
7	78	2
7	84	2
7	88	1
7	90	4
7	97	4
7	98	3
7	99	4
7	100	4
7	102	5
7	114	5
7	119	3
7	127	1
8	12	2
8	14	3
8	25	5
8	33	1
8	64	5
8	65	1
8	77	2
8	80	1
8	101	4
8	105	4
8	112	2
8	113	1
8	116	4
8	121	4
9	14	3
9	16	3
9	17	1
9	22	2
9	25	4
9	26	1
9	30	2
9	33	1
9	60	1
9	66	3
9	69	1
9	75	2
9	79	3
9	84	2
9	89	4
9	98	4
9	100	5
9	109	5
9	121	4
10	30	1
10	40	2
10	45	2
10	72	2
10	77	2
10	81	5
10	82	5
10	85	4
10	95	2
10	102	1
10	110	3
10	115	2
10	119	5
10	120	3
10	128	4
11	13	1
11	32	1
11	36	4
11	53	5
11	55	4
11	60	1
11	72	2
11	80	5
11	81	4
11	85	1
11	104	2
11	112	1
11	123	1
12	19	5
12	30	4
12	36	4
12	48	1
12	65	1
12	67	1
12	81	5
12	82	5
12	84	4
12	99	3
12	102	4
12	115	2
12	120	2
12	123	1
13	45	5
13	56	5
13	79	1
13	81	5
13	102	3
13	113	1
13	121	5
14	15	1
14	30	3
14	31	1
14	36	3
14	40	1
14	54	5
14	56	3
14	58	1
14	69	2
14	78	1
14	81	5
14	84	4
14	87	1
14	100	2
14	108	3
14	125	5
14	127	5
15	31	3
15	34	4
15	50	1
15	57	1
15	58	5
15	59	2
15	63	1
15	65	1
15	67	4
15	93	2
15	94	4
15	112	4
15	116	1
15	122	4
16	26	5
16	29	1
16	32	1
16	42	1
16	46	3
16	60	4
16	75	2
16	96	4
16	101	1
16	107	4
16	124	3
17	21	2
17	25	1
17	48	4
17	50	3
17	58	5
17	65	5
17	66	2
17	75	2
17	84	5
17	88	1
17	93	5
17	100	5
17	101	3
17	102	4
17	121	5
18	19	4
18	21	5
18	30	5
18	36	1
18	46	5
18	50	4
18	51	4
18	59	2
18	86	1
18	87	1
18	88	1
18	98	5
18	105	1
18	128	5
19	20	4
19	21	5
19	23	1
19	24	4
19	41	2
19	50	1
19	52	4
19	62	3
19	66	1
19	73	2
19	77	3
19	79	1
19	82	1
19	85	3
19	92	4
19	104	4
19	109	4
19	110	5
19	121	3
19	127	1
20	49	5
20	71	5
20	76	4
20	81	5
20	94	3
20	104	1
20	108	4
20	120	3
21	27	3
21	51	3
21	55	4
21	69	2
21	75	2
21	80	4
21	95	4
21	96	4
21	98	3
21	114	5
21	116	1
21	117	4
21	122	1
22	30	5
22	35	1
22	39	4
22	47	4
22	48	2
22	50	2
22	66	4
22	126	1
22	128	2
23	28	1
23	30	3
23	35	5
23	38	3
23	40	4
23	48	4
23	53	5
23	60	2
23	65	4
23	66	4
23	71	1
23	77	3
23	80	3
23	92	5
23	105	4
24	35	4
24	39	4
24	45	4
24	50	2
24	64	1
24	69	2
24	76	4
24	80	5
24	91	4
24	104	2
24	113	5
24	128	4
25	43	3
25	53	1
25	54	1
25	65	3
25	69	3
25	78	4
25	87	1
25	95	3
25	102	2
25	107	1
25	118	5
26	31	4
26	36	3
26	53	5
26	72	5
26	73	4
26	77	4
26	81	2
26	88	3
26	91	1
26	94	2
26	104	5
26	107	5
26	108	1
26	111	2
26	114	3
27	37	4
27	38	2
27	43	5
27	44	4
27	61	1
27	76	5
27	81	5
27	83	2
27	85	3
27	89	5
27	108	1
27	119	4
27	128	4
28	37	2
28	60	1
28	64	4
28	68	5
28	70	1
28	88	5
28	89	1
28	90	2
28	96	5
28	104	1
28	108	4
29	35	2
29	38	4
29	39	3
29	50	4
29	55	1
29	57	4
29	61	3
29	83	3
29	92	5
29	96	1
29	115	3
29	122	4
29	124	1
30	38	1
30	44	5
30	58	3
30	60	4
30	64	4
30	71	5
30	76	4
30	80	2
30	84	2
30	89	3
30	93	4
30	95	4
30	102	4
30	111	1
30	112	5
30	116	4
30	127	1
31	34	4
31	39	5
31	40	3
31	68	3
31	82	5
31	85	3
31	87	5
31	91	5
31	105	5
31	112	1
31	126	5
31	128	3
32	39	3
32	51	5
32	62	3
32	81	5
32	99	2
32	101	2
32	106	2
32	108	2
32	111	3
32	115	4
33	36	3
33	37	5
33	40	4
33	46	1
33	48	1
33	52	4
33	54	3
33	57	5
33	78	5
33	79	1
33	103	5
33	104	1
33	107	4
33	113	4
33	126	2
34	35	4
34	37	4
34	38	5
34	42	2
34	49	3
34	51	2
34	53	4
34	55	2
34	64	5
34	66	5
34	71	1
34	75	2
34	99	2
34	127	4
35	43	3
35	68	1
35	69	5
35	72	5
35	82	2
35	85	1
35	92	5
35	93	4
35	100	1
35	103	2
35	104	5
35	122	5
36	43	3
36	54	1
36	61	1
36	62	3
36	66	4
36	70	3
36	79	2
36	81	5
36	92	1
36	105	1
36	122	4
36	125	2
37	46	3
37	67	5
37	86	4
37	93	2
37	96	5
37	116	2
37	122	3
37	124	3
37	126	1
37	127	3
38	49	5
38	65	3
38	70	5
38	77	3
38	91	3
38	95	3
38	111	3
38	119	4
39	49	4
39	51	1
39	61	5
39	62	4
39	66	5
39	72	4
39	80	3
39	85	4
39	91	4
39	98	2
39	102	4
39	103	1
39	110	1
39	115	2
39	116	5
39	128	2
40	43	2
40	46	1
40	52	4
40	56	3
40	64	3
40	67	3
40	77	5
40	82	1
40	85	3
40	97	3
40	112	5
40	114	5
40	122	2
41	52	5
41	56	3
41	68	3
41	70	5
41	73	3
41	84	5
41	107	2
41	115	5
41	123	1
41	125	5
41	127	4
41	128	4
42	43	4
42	47	2
42	55	1
42	59	3
42	62	3
42	67	1
42	86	3
42	103	2
42	111	2
42	113	5
42	123	2
42	125	1
42	128	4
43	47	1
43	52	1
43	64	4
43	76	1
43	120	4
43	128	5
44	56	2
44	71	2
44	73	2
44	83	5
44	100	1
44	119	4
44	124	1
44	125	5
45	47	1
45	51	2
45	55	5
45	58	4
45	59	3
45	65	5
45	70	1
45	76	1
45	82	2
45	84	3
45	89	3
45	92	2
45	113	1
45	116	1
45	121	3
45	122	3
45	128	3
46	48	2
46	50	5
46	54	2
46	60	4
46	66	1
46	67	4
46	77	2
46	79	4
46	89	5
46	92	2
46	95	2
46	99	3
46	114	2
46	116	3
46	120	2
46	125	5
47	66	2
47	87	2
47	93	2
47	95	4
47	100	5
47	108	3
47	111	5
47	122	2
47	124	3
47	128	2
48	49	5
48	53	4
48	101	3
48	103	5
48	109	3
48	116	3
49	51	2
49	55	1
49	57	2
49	69	2
49	73	4
49	74	3
49	77	4
49	81	4
49	96	1
49	97	4
49	99	5
49	103	4
49	106	2
49	122	3
49	126	4
50	51	4
50	59	3
50	71	3
50	75	3
50	93	3
50	101	5
50	108	1
50	109	5
50	114	2
50	117	1
50	121	1
51	71	1
51	74	3
51	87	1
51	106	2
51	113	4
51	120	2
52	56	2
52	57	2
52	63	3
52	65	2
52	67	4
52	102	5
52	103	4
52	108	4
52	114	1
53	59	1
53	72	5
53	87	1
53	89	1
53	97	4
53	104	5
53	113	5
53	121	1
54	55	2
54	58	3
54	59	4
54	67	2
54	71	4
54	72	2
54	82	2
54	83	3
54	84	4
54	91	4
54	102	3
54	104	1
54	125	2
55	63	2
55	64	3
55	67	1
55	72	4
55	79	1
55	81	2
55	83	4
55	87	4
55	89	5
55	90	5
55	93	3
55	94	4
55	98	2
55	100	2
55	115	3
56	57	1
56	59	4
56	63	5
56	67	1
56	77	2
56	81	5
56	82	4
56	83	2
56	100	1
56	112	5
56	122	4
56	126	4
56	127	3
57	62	3
57	85	3
57	87	4
57	92	2
57	98	3
57	99	1
57	106	1
57	108	4
58	61	5
58	66	3
58	69	5
58	85	5
58	94	1
58	102	3
58	103	1
58	105	4
58	106	5
58	109	4
58	110	2
58	112	5
58	119	4
58	126	2
59	67	1
59	68	4
59	73	3
59	75	2
59	80	3
59	82	5
59	83	4
59	88	5
59	90	1
59	92	3
59	115	4
59	123	2
60	61	1
60	84	1
60	109	5
61	63	1
61	67	4
61	69	3
61	74	5
61	75	5
61	79	3
61	83	3
61	87	4
61	108	5
61	113	2
61	114	4
62	63	4
62	68	4
62	69	4
62	80	2
62	85	1
62	96	2
62	99	1
62	117	3
62	118	3
62	126	4
63	66	5
63	71	2
63	91	4
63	92	5
63	111	1
64	98	3
64	104	3
64	105	1
64	106	3
64	123	1
64	124	4
65	71	4
65	83	2
65	88	1
65	89	3
65	93	5
65	96	3
65	118	4
65	127	3
65	128	5
66	70	1
66	81	5
66	86	2
66	92	1
66	95	4
66	96	2
66	98	5
66	112	3
66	113	3
66	121	4
66	123	3
67	73	4
67	83	2
67	93	5
67	96	3
67	98	5
67	113	3
67	125	5
68	90	3
68	92	3
68	94	4
68	96	5
68	104	5
68	127	3
69	76	4
69	91	3
69	94	1
69	102	5
69	105	1
69	110	1
69	117	5
70	99	2
70	107	2
70	109	3
70	115	4
70	116	4
70	123	2
71	77	3
71	82	5
71	83	5
71	86	5
71	102	4
71	105	1
71	112	1
71	115	5
72	86	5
72	94	4
72	101	4
72	102	4
72	107	2
72	109	5
72	114	4
72	123	5
72	125	3
73	75	4
73	79	1
73	83	3
73	84	1
73	98	5
73	105	2
73	110	4
73	111	5
73	123	3
74	76	3
74	77	1
74	78	1
74	84	2
74	90	3
74	96	1
74	116	4
74	117	1
74	125	4
75	81	1
75	100	3
75	106	1
75	119	5
76	83	1
76	88	3
76	101	2
76	106	1
76	107	5
76	116	5
76	125	2
77	86	5
77	88	3
77	92	2
77	94	1
77	95	3
77	109	4
77	116	4
78	86	5
78	89	1
78	92	2
78	95	3
78	97	5
78	119	3
79	80	5
79	82	5
79	104	4
79	120	2
80	86	4
80	87	4
80	88	2
80	96	3
80	98	4
80	104	2
80	107	3
80	108	4
80	113	4
80	114	1
81	102	3
81	104	4
81	105	5
81	111	2
81	125	5
82	90	3
82	93	1
82	102	3
82	107	2
82	114	1
82	118	3
82	122	5
83	84	3
83	94	1
83	127	2
83	128	5
84	92	5
84	95	3
84	113	4
84	119	3
85	91	1
85	100	1
85	111	3
85	114	4
85	128	4
86	103	5
86	124	2
87	88	3
87	123	2
88	96	1
88	110	5
88	117	1
88	122	1
89	90	1
89	91	4
89	93	3
89	98	4
89	106	1
89	110	1
90	96	4
90	103	5
90	120	2
90	121	5
90	128	1
91	104	5
91	113	4
91	122	3
92	95	4
92	106	3
92	113	3
92	126	2
93	116	5
93	120	3
93	127	2
94	106	5
95	100	2
95	103	1
95	114	4
97	104	1
97	106	3
97	116	3
97	127	1
98	101	1
98	107	5
98	113	1
98	114	5
99	110	4
99	118	5
99	128	5
100	114	1
100	115	4
100	127	4
101	111	4
101	116	2
101	119	2
101	127	2
102	105	3
102	109	5
102	118	2
104	108	1
104	109	1
104	111	3
104	120	3
104	121	1
104	123	3
106	110	3
106	117	3
106	127	1
107	109	2
107	119	4
107	126	1
108	122	4
108	124	1
109	113	3
109	114	5
109	115	2
109	116	2
109	119	5
109	123	5
109	125	5
109	128	4
111	119	5
112	117	4
112	121	1
112	123	4
112	125	5
113	115	5
114	115	2
114	117	2
114	126	1
115	120	5
115	121	5
115	124	3
116	122	2
116	125	5
116	128	5
117	124	4
118	125	1
120	124	2
120	125	4
122	128	2
126	128	5